function x_dot = ode_func(t, x, u)
    A_real = [
        0,         0,       1.0,         0;
        0,         0,         0,       1.0;
        0,  -167.587,   -20.603,    41.354;
        0,   574.761,    41.354,  -141.828;
    ];
    
    B_real = [
                0;
                0;
         2060.299;
        -4135.392;
    ];
    
    x_dot = A_real * x + B_real * u;
end