function x_dot = ode_func(t, x, u)
%     A_real = [
%         0,         0,       1.0,         0;
%         0,         0,         0,       1.0;
%         0,  -167.587,   -20.603,    41.354;
%         0,   574.761,    41.354,  -141.828;
%     ];
    A_real = [
        0,         0,       1.0,         0;
        0,         0,         0,       1.0;
        0,  -167.587,   -0.20603,    0.41354;
        0,   574.761,    0.41354,  -1.41828;
    ];
    
    B_real = [
                0;
                0;
         2060.299;
        -4135.392;
    ];
    
    x_dot = A_real * x + B_real * u;
end