function x_dot = ode_func_lqg(t, x, u)
G = [
            1.0,         0,       0.001,         0;
              0,       1.0,           0,     0.001;
              0,    -0.168,        1.00,         0;
              0,     0.574,           0,     0.999;
        ];

        H = [
             0.001;
            -0.002;
             2.059;
            -4.132;
        ];
    
    x_dot = G * x + H * u;
end