function x_dot = ode_func(t, x, u)
    % 失配
    A_real = [
        0,         0,       1.0,         0;
        0,         0,         0,       1.0;
        0,  -167.587,   -2.0603,    4.1354;
        0,   574.761,    4.1354,  -14.1828;
    ];
    
    B_real = [
                0;
                0;
         2060.299;
        -4135.392;
    ];
    
    x_dot = A_real * x + B_real * u;
end